0: 13, 0, 5
1: 13, 0, 5
2:21,0,10
3: 7,0,4
4: 8,0,5
5:47,3,28
6:23,3,13
7: 15, 3, 8
8:22,6,11
9: 43, 15, 20
10: 7, 3, 3
11: 501, 224, 211
12: 249, 116, 103
13: 165, 80, 67
14: 123, 62, 49
15: 489, 256, 191
16: 81, 44, 31
17: 483, 272, 181
18: 60, 35, 22
19: 53, 32, 19
20: 237, 148, 83
21: 471, 304, 161
22: 3, 2, 1
23: 481, 314, 185
24: 354, 226, 155
25: 1389,866, 685
26: 227, 138, 125
27: 267, 158, 163
28: 327, 188, 220
29: 61, 34, 45
30: 627, 338, 505
31: 1227,638, 107
32: 20, 10, 19
33: 1937,1000,1767
34: 977, 520, 855
35: 657, 360, 551
36: 71, 40, 57
37: 2005,1160,1539
38: 337, 200, 247
39: 2039,1240,1425
40: 257, 160, 171
41: 691, 440, 437
42: 1045,680, 627
43: 301, 200, 171
44: 177, 120, 95
45: 2141,1480,1083
46: 1079,760, 513
47: 725, 520, 323
48: 137, 100, 57
49: 2209,1640,855
50: 53, 40, 19
51: 2243,1720,741
52: 565, 440, 171
53: 759, 600, 209
54: 1147,920, 285
55: 2311,1880,513
56: 97, 80, 19
57: 335, 280, 57
58: 1181,1000,171
59: 793, 680, 95
60: 599, 520, 57
61: 2413,2120,171
62: 405, 360, 19
63: 2447,2200,57
64: 11, 10, 0
65: 158, 151, 3
66: 178, 179, 7
67: 1030,1091,63
68: 248, 277, 21
69: 318, 375, 35
70: 458, 571, 63
71: 878, 1159,147
72: 5, 7, 1
73: 172, 181, 37
74: 97, 76, 22
75: 72, 41, 17
76: 119, 47, 29
77:4,1,1
78:4,1,1
79:4,1,1
80:4,1,1
81:4,1,1
82:4,1,1
83:4,1,1
84:4,1,1
85:4,1,1
86: 65, 18, 17
87: 95, 29, 26
88: 185, 62, 53
89: 30, 11, 9
90: 35, 14, 11
91: 85, 37, 28
92: 55, 26, 19
93: 80, 41, 29
94: 155, 86, 59
95:5,3,2
96:5,3,2
97:5,3,2
98:5,3,2
99:5,3,2
100: 5,3,2
101: 5,3,2
102: 5,3,2
103: 5,3,2
104: 5,3,2
105: 5,3,2
106: 5,3,2
107:5,3,2
108: 305, 176, 119
109: 155, 86, 59
110: 105, 56, 39
111: 80, 41, 29
112: 65, 32, 23
113: 55, 26, 19
114: 335, 152, 113
115: 85, 37, 28
116: 115, 48, 37
117: 35, 14, 11
118: 355, 136, 109
119: 30, 11, 9
120: 365, 128, 107
121: 185, 62, 53
122:25,8,7
123: 95, 29, 26
124: 385, 112, 103
125: 65, 18, 17
126: 395, 104, 101
127:4,1,1
